## Running job 3088388.1 on host dc2s8b3c.arc3.leeds.ac.uk
##
## Resources granted:
##
## h_vmem = 1G
## h_rt   = 48:00:00
## disk   = 1G

in try
before single run <function <lambda> at 0x2b89841236a8>
initialized random complex coeffs [-0.08102671+6.82977247e-02j -0.09699589-1.63952101e-01j
 -0.02997144-7.10680745e-02j -0.03134806-1.47438144e-02j
 -0.05863491+1.97409704e-01j  0.00029222-7.91286237e-06j
 -0.02105991+1.44600426e-01j  0.12048624-2.25426540e-01j
  0.01260483+2.89945979e-03j -0.25881413+3.13536574e-03j
  0.01435653+3.38472830e-02j -0.05399085+4.55083300e-02j
  0.0112816 +3.83724034e-02j  0.04961905+8.07588140e-02j
 -0.06193224+6.80408321e-02j  0.02081106+6.86930986e-03j
  0.01556498+4.57706195e-02j  0.07898451-1.72117113e-01j
 -0.02394635+7.05455427e-03j  0.05780956-1.62041421e-01j
  0.00475291+1.42037018e-02j]
initialized energy dict, self.energy =  {'field': -5.143304968073075, 'surface': (125.66370614359172+0j)}
     abs_amplitude  ...  complex_group_sampling_width
0         0.714416  ...                  2.046211e-01
1         0.714416  ...                  1.618177e-01
2         0.714416  ...                  1.138808e-01
3         0.714416  ...                  8.014467e-02
4         0.714416  ...                  5.640257e-02
..             ...  ...                           ...
795       0.714416  ...                 1.213814e-122
796       0.714416  ...                 8.542332e-123
797       0.714416  ...                 6.011747e-123
798       0.714416  ...                 4.230824e-123
799       0.714416  ...                 2.977483e-123

[800 rows x 49 columns]
{'abs_amplitude': [1, 800.0, 1.0], 'abs_coeff_-3_-1': [4, 1.0, 797.0], 'abs_coeff_-3_0': [0, 1.0, 801.0], 'abs_coeff_-3_1': [4, 1.0, 797.0], 'abs_coeff_-2_-1': [0, 1.0, 801.0], 'abs_coeff_-2_0': [4, 1.0, 797.0], 'abs_coeff_-2_1': [4, 1.0, 797.0], 'abs_coeff_-1_-1': [0, 1.0, 801.0], 'abs_coeff_-1_0': [0, 1.0, 801.0], 'abs_coeff_-1_1': [0, 1.0, 801.0], 'abs_coeff_0_-1': [0, 1.0, 801.0], 'abs_coeff_0_0': [4, 1.0, 797.0], 'abs_coeff_0_1': [0, 1.0, 801.0], 'abs_coeff_1_-1': [0, 1.0, 801.0], 'abs_coeff_1_0': [4, 1.0, 797.0], 'abs_coeff_1_1': [0, 1.0, 801.0], 'abs_coeff_2_-1': [4, 1.0, 797.0], 'abs_coeff_2_0': [0, 1.0, 801.0], 'abs_coeff_2_1': [0, 1.0, 801.0], 'abs_coeff_3_-1': [4, 1.0, 797.0], 'abs_coeff_3_0': [0, 1.0, 801.0], 'abs_coeff_3_1': [0, 1.0, 801.0], 'amplitude_squared': [161, 640.0, 1.0], 'field_energy': [4, 1.0, 797.0], 'surface_energy_real': [795, 5.0, 1.2], 'surface_energy_imag': [0, 1, 1], 'amplitude': [1, 800.0, 1.0], 'real_group_sampling_width': [0, 60.49073, 13.241698], 'coeff_-3_-1_real': [0, 1.0, 801.0], 'coeff_-3_-1_imag': [0, 1.0, 801.0], 'coeff_-3_0_real': [4, 1.0, 797.0], 'coeff_-3_0_imag': [0, 1.0, 801.0], 'coeff_-3_1_real': [4, 1.0, 797.0], 'coeff_-3_1_imag': [4, 1.0, 797.0], 'coeff_-2_-1_real': [0, 1.0, 801.0], 'coeff_-2_-1_imag': [0, 1.0, 801.0], 'coeff_-2_0_real': [0, 1.0, 801.0], 'coeff_-2_0_imag': [0, 1.0, 801.0], 'coeff_-2_1_real': [4, 1.0, 797.0], 'coeff_-2_1_imag': [4, 1.0, 797.0], 'coeff_-1_-1_real': [0, 1.0, 801.0], 'coeff_-1_-1_imag': [0, 1.0, 801.0], 'coeff_-1_0_real': [0, 1.0, 801.0], 'coeff_-1_0_imag': [0, 1.0, 801.0], 'coeff_-1_1_real': [0, 1.0, 801.0], 'coeff_-1_1_imag': [4, 1.0, 797.0], 'coeff_0_-1_real': [0, 1.0, 801.0], 'coeff_0_-1_imag': [0, 1.0, 801.0], 'coeff_0_0_real': [0, 1.0, 801.0], 'coeff_0_0_imag': [4, 1.0, 797.0], 'coeff_0_1_real': [4, 1.0, 797.0], 'coeff_0_1_imag': [4, 1.0, 797.0], 'coeff_1_-1_real': [4, 1.0, 797.0], 'coeff_1_-1_imag': [0, 1.0, 801.0], 'coeff_1_0_real': [0, 1.0, 801.0], 'coeff_1_0_imag': [0, 1.0, 801.0], 'coeff_1_1_real': [0, 1.0, 801.0], 'coeff_1_1_imag': [4, 1.0, 797.0], 'coeff_2_-1_real': [4, 1.0, 797.0], 'coeff_2_-1_imag': [4, 1.0, 797.0], 'coeff_2_0_real': [4, 1.0, 797.0], 'coeff_2_0_imag': [0, 1.0, 801.0], 'coeff_2_1_real': [0, 1.0, 801.0], 'coeff_2_1_imag': [0, 1.0, 801.0], 'coeff_3_-1_real': [4, 1.0, 797.0], 'coeff_3_-1_imag': [4, 1.0, 797.0], 'coeff_3_0_real': [0, 1.0, 801.0], 'coeff_3_0_imag': [0, 1.0, 801.0], 'coeff_3_1_real': [0, 1.0, 801.0], 'coeff_3_1_imag': [0, 1.0, 801.0], 'complex_group_sampling_width': [5, 6.797356, 117.104355]}
{'abs_amplitude': [1, 800.0, 1.0], 'abs_coeff_-3_-1': [4, 1.0, 797.0], 'abs_coeff_-3_0': [0, 1.0, 801.0], 'abs_coeff_-3_1': [4, 1.0, 797.0], 'abs_coeff_-2_-1': [0, 1.0, 801.0], 'abs_coeff_-2_0': [4, 1.0, 797.0], 'abs_coeff_-2_1': [4, 1.0, 797.0], 'abs_coeff_-1_-1': [0, 1.0, 801.0], 'abs_coeff_-1_0': [0, 1.0, 801.0], 'abs_coeff_-1_1': [0, 1.0, 801.0], 'abs_coeff_0_-1': [0, 1.0, 801.0], 'abs_coeff_0_0': [4, 1.0, 797.0], 'abs_coeff_0_1': [0, 1.0, 801.0], 'abs_coeff_1_-1': [0, 1.0, 801.0], 'abs_coeff_1_0': [4, 1.0, 797.0], 'abs_coeff_1_1': [0, 1.0, 801.0], 'abs_coeff_2_-1': [4, 1.0, 797.0], 'abs_coeff_2_0': [0, 1.0, 801.0], 'abs_coeff_2_1': [0, 1.0, 801.0], 'abs_coeff_3_-1': [4, 1.0, 797.0], 'abs_coeff_3_0': [0, 1.0, 801.0], 'abs_coeff_3_1': [0, 1.0, 801.0], 'amplitude_squared': [161, 640.0, 1.0], 'field_energy': [4, 1.0, 797.0], 'surface_energy_real': [795, 5.0, 1.2], 'surface_energy_imag': [0, 1, 1], 'amplitude': [1, 800.0, 1.0], 'real_group_sampling_width': [0, 60.49073, 13.241698], 'coeff_-3_-1_real': [0, 1.0, 801.0], 'coeff_-3_-1_imag': [0, 1.0, 801.0], 'coeff_-3_0_real': [4, 1.0, 797.0], 'coeff_-3_0_imag': [0, 1.0, 801.0], 'coeff_-3_1_real': [4, 1.0, 797.0], 'coeff_-3_1_imag': [4, 1.0, 797.0], 'coeff_-2_-1_real': [0, 1.0, 801.0], 'coeff_-2_-1_imag': [0, 1.0, 801.0], 'coeff_-2_0_real': [0, 1.0, 801.0], 'coeff_-2_0_imag': [0, 1.0, 801.0], 'coeff_-2_1_real': [4, 1.0, 797.0], 'coeff_-2_1_imag': [4, 1.0, 797.0], 'coeff_-1_-1_real': [0, 1.0, 801.0], 'coeff_-1_-1_imag': [0, 1.0, 801.0], 'coeff_-1_0_real': [0, 1.0, 801.0], 'coeff_-1_0_imag': [0, 1.0, 801.0], 'coeff_-1_1_real': [0, 1.0, 801.0], 'coeff_-1_1_imag': [4, 1.0, 797.0], 'coeff_0_-1_real': [0, 1.0, 801.0], 'coeff_0_-1_imag': [0, 1.0, 801.0], 'coeff_0_0_real': [0, 1.0, 801.0], 'coeff_0_0_imag': [4, 1.0, 797.0], 'coeff_0_1_real': [4, 1.0, 797.0], 'coeff_0_1_imag': [4, 1.0, 797.0], 'coeff_1_-1_real': [4, 1.0, 797.0], 'coeff_1_-1_imag': [0, 1.0, 801.0], 'coeff_1_0_real': [0, 1.0, 801.0], 'coeff_1_0_imag': [0, 1.0, 801.0], 'coeff_1_1_real': [0, 1.0, 801.0], 'coeff_1_1_imag': [4, 1.0, 797.0], 'coeff_2_-1_real': [4, 1.0, 797.0], 'coeff_2_-1_imag': [4, 1.0, 797.0], 'coeff_2_0_real': [4, 1.0, 797.0], 'coeff_2_0_imag': [0, 1.0, 801.0], 'coeff_2_1_real': [0, 1.0, 801.0], 'coeff_2_1_imag': [0, 1.0, 801.0], 'coeff_3_-1_real': [4, 1.0, 797.0], 'coeff_3_-1_imag': [4, 1.0, 797.0], 'coeff_3_0_real': [0, 1.0, 801.0], 'coeff_3_0_imag': [0, 1.0, 801.0], 'coeff_3_1_real': [0, 1.0, 801.0], 'coeff_3_1_imag': [0, 1.0, 801.0], 'complex_group_sampling_width': [5, 6.797356, 117.104355]}
global t_0 795
result_means {'abs_amplitude': 0.7144163392806231, 'abs_coeff_-3_-1': 0.03144229242791137, 'abs_coeff_-3_0': 0.040091561580943395, 'abs_coeff_-3_1': 0.017469633780113708, 'abs_coeff_-2_-1': 0.04785174203076271, 'abs_coeff_-2_0': 0.054785534749670926, 'abs_coeff_-2_1': 0.02568266534242276, 'abs_coeff_-1_-1': 0.04358094867497692, 'abs_coeff_-1_0': 0.30018307455117405, 'abs_coeff_-1_1': 0.10346941776042677, 'abs_coeff_0_-1': 0.8774563363920171, 'abs_coeff_0_0': 0.2233290293826446, 'abs_coeff_0_1': 0.21025643214439302, 'abs_coeff_1_-1': 0.016172231712710174, 'abs_coeff_1_0': 0.08162726409959448, 'abs_coeff_1_1': 0.0495969502840985, 'abs_coeff_2_-1': 0.04427489572146736, 'abs_coeff_2_0': 0.012438206261105157, 'abs_coeff_2_1': 0.05149705241283089, 'abs_coeff_3_-1': 0.0176448167356264, 'abs_coeff_3_0': 0.07652365107680735, 'abs_coeff_3_1': 0.05625173973549065, 'amplitude_squared': 0.5103907058311263, 'field_energy': -47.064189848792324, 'surface_energy': (112.19268425736996+0j), 'amplitude': -0.7144163392806231, 'real_group_sampling_width': 1.8331266522765586e-13, 'coeff_-3_-1': (0.031050662340308417+0.004947132639261384j), 'coeff_-3_0': (-0.03759750836564202+0.013919794348123639j), 'coeff_-3_1': (0.016535188219134484+0.005636989885487303j), 'coeff_-2_-1': (0.0475510529192307+0.005355985591017202j), 'coeff_-2_0': (0.04791327542481343-0.026566385826328927j), 'coeff_-2_1': (0.015298345598856664+0.020629103737894824j), 'coeff_-1_-1': (-0.03452265678092865+0.026598595004194755j), 'coeff_-1_0': (-0.2689705645288838-0.13328433390316088j), 'coeff_-1_1': (-0.017013530747815437+0.10206106105256235j), 'coeff_0_-1': (0.7765720452058679-0.40849171457849204j), 'coeff_0_0': (0.2132762095743563-0.0662503871278454j), 'coeff_0_1': (0.03540894846374929-0.20725340437923162j), 'coeff_1_-1': (0.015097818044971859-0.005796289231095251j), 'coeff_1_0': (-0.05552818013306791-0.05983002135629328j), 'coeff_1_1': (0.025209287915882034+0.04271240194905343j), 'coeff_2_-1': (-0.024359325380943195+0.03697147086784816j), 'coeff_2_0': (0.011062876861302688+0.00568522036032458j), 'coeff_2_1': (-0.0072148613786447175+0.05098913788736571j), 'coeff_3_-1': (-0.017050253680110202-0.0045418506225689565j), 'coeff_3_0': (0.06456261133190831+0.04107965910435363j), 'coeff_3_1': (-0.05489578111827063+0.012276458719203194j), 'complex_group_sampling_width': 6.780105327845076e-123, 'global_cutoff': 795}
single run returning ['amplitude', 'coeff_-3_-1', 'coeff_-3_0', 'coeff_-3_1', 'coeff_-2_-1', 'coeff_-2_0', 'coeff_-2_1', 'coeff_-1_-1', 'coeff_-1_0', 'coeff_-1_1', 'coeff_0_-1', 'coeff_0_0', 'coeff_0_1', 'coeff_1_-1', 'coeff_1_0', 'coeff_1_1', 'coeff_2_-1', 'coeff_2_0', 'coeff_2_1', 'coeff_3_-1', 'coeff_3_0', 'coeff_3_1'] ['abs_amplitude', 'abs_coeff_-3_-1', 'abs_coeff_-3_0', 'abs_coeff_-3_1', 'abs_coeff_-2_-1', 'abs_coeff_-2_0', 'abs_coeff_-2_1', 'abs_coeff_-1_-1', 'abs_coeff_-1_0', 'abs_coeff_-1_1', 'abs_coeff_0_-1', 'abs_coeff_0_0', 'abs_coeff_0_1', 'abs_coeff_1_-1', 'abs_coeff_1_0', 'abs_coeff_1_1', 'abs_coeff_2_-1', 'abs_coeff_2_0', 'abs_coeff_2_1', 'abs_coeff_3_-1', 'abs_coeff_3_0', 'abs_coeff_3_1', 'amplitude_squared'] {'abs_amplitude': 0.7144163392806231, 'abs_coeff_-3_-1': 0.03144229242791137, 'abs_coeff_-3_0': 0.040091561580943395, 'abs_coeff_-3_1': 0.017469633780113708, 'abs_coeff_-2_-1': 0.04785174203076271, 'abs_coeff_-2_0': 0.054785534749670926, 'abs_coeff_-2_1': 0.02568266534242276, 'abs_coeff_-1_-1': 0.04358094867497692, 'abs_coeff_-1_0': 0.30018307455117405, 'abs_coeff_-1_1': 0.10346941776042677, 'abs_coeff_0_-1': 0.8774563363920171, 'abs_coeff_0_0': 0.2233290293826446, 'abs_coeff_0_1': 0.21025643214439302, 'abs_coeff_1_-1': 0.016172231712710174, 'abs_coeff_1_0': 0.08162726409959448, 'abs_coeff_1_1': 0.0495969502840985, 'abs_coeff_2_-1': 0.04427489572146736, 'abs_coeff_2_0': 0.012438206261105157, 'abs_coeff_2_1': 0.05149705241283089, 'abs_coeff_3_-1': 0.0176448167356264, 'abs_coeff_3_0': 0.07652365107680735, 'abs_coeff_3_1': 0.05625173973549065, 'amplitude_squared': 0.5103907058311263, 'field_energy': -47.064189848792324, 'surface_energy': (112.19268425736996+0j), 'amplitude': -0.7144163392806231, 'real_group_sampling_width': 1.8331266522765586e-13, 'coeff_-3_-1': (0.031050662340308417+0.004947132639261384j), 'coeff_-3_0': (-0.03759750836564202+0.013919794348123639j), 'coeff_-3_1': (0.016535188219134484+0.005636989885487303j), 'coeff_-2_-1': (0.0475510529192307+0.005355985591017202j), 'coeff_-2_0': (0.04791327542481343-0.026566385826328927j), 'coeff_-2_1': (0.015298345598856664+0.020629103737894824j), 'coeff_-1_-1': (-0.03452265678092865+0.026598595004194755j), 'coeff_-1_0': (-0.2689705645288838-0.13328433390316088j), 'coeff_-1_1': (-0.017013530747815437+0.10206106105256235j), 'coeff_0_-1': (0.7765720452058679-0.40849171457849204j), 'coeff_0_0': (0.2132762095743563-0.0662503871278454j), 'coeff_0_1': (0.03540894846374929-0.20725340437923162j), 'coeff_1_-1': (0.015097818044971859-0.005796289231095251j), 'coeff_1_0': (-0.05552818013306791-0.05983002135629328j), 'coeff_1_1': (0.025209287915882034+0.04271240194905343j), 'coeff_2_-1': (-0.024359325380943195+0.03697147086784816j), 'coeff_2_0': (0.011062876861302688+0.00568522036032458j), 'coeff_2_1': (-0.0072148613786447175+0.05098913788736571j), 'coeff_3_-1': (-0.017050253680110202-0.0045418506225689565j), 'coeff_3_0': (0.06456261133190831+0.04107965910435363j), 'coeff_3_1': (-0.05489578111827063+0.012276458719203194j), 'complex_group_sampling_width': 6.780105327845076e-123, 'global_cutoff': 795} [[ 6.12505280e-02+0.00000000e+00j -1.59850657e-07-5.42872784e-07j
   7.59089886e-08-2.51988119e-07j  3.83690009e-07-1.44929286e-07j
   8.91802835e-07+1.28861776e-06j  1.01441581e-07-3.81072531e-07j
   3.03460266e-08+5.47087163e-07j -2.70102454e-06+9.09594068e-07j
   3.82795627e-07-8.29453967e-07j  8.97235854e-06+2.30436159e-06j
   1.08477237e-06-4.25676875e-07j  1.06026879e-06+2.30883347e-06j
   1.85655257e-07-2.01877575e-07j -3.78725749e-07+1.09665794e-06j
   1.41993894e-07-1.37734385e-07j -5.78797082e-08-4.53433958e-08j
   4.22174166e-07+2.37963910e-07j -4.90401473e-07-8.49742765e-07j
   1.30202879e-07-1.93642010e-07j  6.91597602e-08-8.80293291e-07j
  -3.17893396e-07-4.46996594e-08j]
 [-1.59850657e-07+5.42872784e-07j  6.12506066e-02+0.00000000e+00j
   2.36126491e-07+1.54350076e-07j  3.28535056e-08+4.38414897e-07j
  -1.59505259e-06+5.26845684e-07j  3.61128471e-07+2.19687825e-07j
  -5.71737044e-07-1.34440719e-07j -1.17498083e-07-3.05276376e-06j
   7.36995121e-07+6.44752290e-07j -5.08609486e-06+8.52823328e-06j
   1.09265318e-07+1.24431474e-06j -2.69510908e-06+3.91176900e-07j
   1.51371273e-07+2.52025783e-07j -1.01298311e-06-7.21470108e-07j
   9.86348346e-08+1.87709493e-07j  6.41494340e-08-4.57866604e-08j
  -3.72513121e-07+3.62056160e-07j  1.02223969e-06-2.46980292e-07j
   1.59692555e-07+1.92512678e-07j  8.84232415e-07+3.37645283e-07j
   1.42213184e-07-3.13343801e-07j]
 [ 7.59089886e-08+2.51988119e-07j  2.36126491e-07-1.54350076e-07j
   6.12501312e-02+0.00000000e+00j  1.24340872e-07+1.62294927e-07j
  -4.86825781e-07+6.10929693e-07j  1.96468866e-07-6.37322858e-09j
  -2.56758186e-07+9.31442560e-08j -8.22497422e-07-1.15840084e-06j
   4.50931703e-07+6.34469714e-08j  1.90189582e-07+4.61377311e-06j
   3.59141711e-07+4.56551298e-07j -9.49546407e-07+8.38024242e-07j
   1.23048470e-07+5.95861223e-08j -5.77881351e-07-2.30858109e-08j
   8.61556818e-08+4.79693402e-08j  1.33201702e-08-3.41451102e-08j
  -5.28784404e-08+2.35715627e-07j  3.35066997e-07-3.56241768e-07j
   1.11144734e-07+3.43031539e-08j  4.30102383e-07-9.35591880e-08j
  -2.43718929e-08-1.58155490e-07j]
 [ 3.83690009e-07+1.44929286e-07j  3.28535056e-08-4.38414897e-07j
   1.24340872e-07-1.62294927e-07j  6.12503186e-02+0.00000000e+00j
   2.94378019e-07+1.18131653e-06j  1.78332005e-07-2.49098276e-07j
  -1.28128162e-07+4.05927082e-07j -2.21266998e-06-8.04153121e-08j
   5.05892892e-07-4.97725239e-07j  5.88810425e-06+4.13772302e-06j
   9.05214127e-07-1.15781002e-08j  1.36749156e-07+1.96900638e-06j
   1.90343234e-07-9.57502767e-08j -5.76285898e-07+6.93033511e-07j
   1.41004148e-07-6.11196663e-08j -2.96168736e-08-4.88421026e-08j
   2.41491905e-07+2.88832796e-07j -1.23135371e-07-7.52173579e-07j
   1.47782339e-07-1.04987427e-07j  2.91913404e-07-6.20769751e-07j
  -2.18759070e-07-1.19751242e-07j]
 [ 8.91802835e-07-1.28861776e-06j -1.59505259e-06-5.26845684e-07j
  -4.86825781e-07-6.10929693e-07j  2.94378019e-07-1.18131653e-06j
   6.12546517e-02+0.00000000e+00j -7.58764327e-07-8.91295467e-07j
   1.38658302e-06+8.50057735e-07j -2.34237752e-06+8.12908926e-06j
  -1.37791173e-06-2.33541547e-06j  2.07803391e-05-1.80071468e-05j
   7.93383693e-07-3.36674108e-06j  7.42635032e-06+1.31213328e-06j
  -1.79135966e-07-7.94151489e-07j  2.03697448e-06+2.77683602e-06j
  -9.63277795e-08-5.79234330e-07j -2.08442526e-07+6.46791154e-08j
   1.29394525e-06-6.28474570e-07j -2.90241503e-06-2.38398611e-07j
  -2.52703473e-07-6.44892733e-07j -2.03178554e-06-1.65577361e-06j
  -6.46079908e-07+7.00404545e-07j]
 [ 1.01441581e-07+3.81072531e-07j  3.61128471e-07-2.19687825e-07j
   1.96468866e-07+6.37322858e-09j  1.78332005e-07+2.49098276e-07j
  -7.58764327e-07+8.91295467e-07j  6.12502945e-02+0.00000000e+00j
  -3.89053635e-07+1.27021885e-07j -1.17551942e-06-1.77481300e-06j
   6.72246142e-07+1.16926932e-07j  6.06898984e-08+6.91896101e-06j
   5.15681211e-07+7.01192164e-07j -1.46278082e-06+1.20891928e-06j
   1.81386205e-07+9.52157840e-08j -8.64330445e-07-6.26482716e-08j
   1.26698847e-07+7.60258486e-08j  2.16074931e-08-5.04896016e-08j
  -9.06436924e-08+3.50445697e-07j  5.19112843e-07-5.17240048e-07j
   1.64787103e-07+5.67729720e-08j  6.48679124e-07-1.19221994e-07j
  -2.88166428e-08-2.38042301e-07j]
 [ 3.03460266e-08-5.47087163e-07j -5.71737044e-07+1.34440719e-07j
  -2.56758186e-07-9.31442560e-08j -1.28128162e-07-4.05927082e-07j
   1.38658302e-06-8.50057735e-07j -3.89053635e-07-1.27021885e-07j
   6.12505687e-02+0.00000000e+00j  7.87310373e-07+2.85120462e-06j
  -8.37514613e-07-4.44345934e-07j  2.90360269e-06-9.16510669e-06j
  -3.78753985e-07-1.14855697e-06j  2.45345931e-06-9.65988915e-07j
  -1.98523319e-07-2.03987947e-07j  1.11463724e-06+4.55487105e-07j
  -1.34564884e-07-1.55057219e-07j -5.03137072e-08+5.73712550e-08j
   2.70854891e-07-4.23797847e-07j -9.08729085e-07+4.59333721e-07j
  -1.93176594e-07-1.46052346e-07j -9.08224001e-07-1.22264625e-07j
  -6.45919109e-08+3.26846052e-07j]
 [-2.70102454e-06-9.09594068e-07j -1.17498083e-07+3.05276376e-06j
  -8.22497422e-07+1.15840084e-06j -2.21266998e-06+8.04153121e-08j
  -2.34237752e-06-8.12908926e-06j -1.17551942e-06+1.77481300e-06j
   7.87310373e-07-2.85120462e-06j  6.12653857e-02+0.00000000e+00j
  -3.38744374e-06+3.58401492e-06j -4.19328616e-05-2.72474554e-05j
  -6.28313112e-06+3.08856209e-07j -1.44655419e-06-1.36388037e-05j
  -1.29763008e-06+7.12954120e-07j  3.82698071e-06-4.95805423e-06j
  -9.63745999e-07+4.60017717e-07j  2.17994224e-07+3.31698246e-07j
  -1.74988008e-06-1.94478664e-06j  1.04491642e-06+5.19222149e-06j
  -9.99744413e-07+7.66358038e-07j -1.87045842e-06+4.38446610e-06j
   1.54934489e-06+7.76375564e-07j]
 [ 3.82795627e-07+8.29453967e-07j  7.36995121e-07-6.44752290e-07j
   4.50931703e-07-6.34469714e-08j  5.05892892e-07+4.97725239e-07j
  -1.37791173e-06+2.33541547e-06j  6.72246142e-07-1.16926932e-07j
  -8.37514613e-07+4.44345934e-07j -3.38744374e-06-3.58401492e-06j
   6.12515807e-02+0.00000000e+00j  2.88514586e-06+1.57670813e-05j
   1.45529495e-06+1.39562285e-06j -2.85860378e-06+3.33980437e-06j
   4.51776480e-07+1.45306155e-07j -1.99753458e-06+2.00132481e-07j
   3.19345431e-07+1.23218230e-07j  2.92719189e-08-1.23810195e-07j
  -6.77593849e-08+8.35806672e-07j  9.79443642e-07-1.38657232e-06j
   3.98631566e-07+6.41573422e-08j  1.43315528e-06-5.29608234e-07j
  -1.60264446e-07-5.31845537e-07j]
 [ 8.97235854e-06-2.30436159e-06j -5.08609486e-06-8.52823328e-06j
   1.90189582e-07-4.61377311e-06j  5.88810425e-06-4.13772302e-06j
   2.07803391e-05+1.80071468e-05j  6.06898984e-08-6.91896101e-06j
   2.90360269e-06+9.16510669e-06j -4.19328616e-05+2.72474554e-05j
   2.88514586e-06-1.57670813e-05j  6.14125400e-02+0.00000000e+00j
   1.65773738e-05-1.19689603e-05j  2.80963163e-05+3.46100559e-05j
   2.27400826e-06-4.24117336e-06j -1.64970908e-06+2.02903573e-05j
   1.81196544e-06-2.96051222e-06j -1.18155701e-06-5.17966721e-07j
   8.21335096e-06+2.20144289e-06j -1.20430941e-05-1.23006215e-05j
   1.36756006e-06-3.85917864e-06j -2.66688750e-06-1.52621454e-05j
  -5.59759069e-06+6.27860351e-07j]
 [ 1.08477237e-06+4.25676875e-07j  1.09265318e-07-1.24431474e-06j
   3.59141711e-07-4.56551298e-07j  9.05214127e-07+1.15781002e-08j
   7.93383693e-07+3.36674108e-06j  5.15681211e-07-7.01192164e-07j
  -3.78753985e-07+1.14855697e-06j -6.28313112e-06-3.08856209e-07j
   1.45529495e-06-1.39562285e-06j  1.65773738e-05+1.19689603e-05j
   6.12525721e-02+0.00000000e+00j  3.16948055e-07+5.59878958e-06j
   5.44232154e-07-2.65103905e-07j -1.66237385e-06+1.94792323e-06j
   4.02804617e-07-1.68513395e-07j -8.23648653e-08-1.39833458e-07j
   6.75567700e-07+8.29330463e-07j -3.22488048e-07-2.14135113e-06j
   4.23655039e-07-2.92892585e-07j  8.51864037e-07-1.75295974e-06j
  -6.17129071e-07-3.48154598e-07j]
 [ 1.06026879e-06-2.30883347e-06j -2.69510908e-06-3.91176900e-07j
  -9.49546407e-07-8.38024242e-07j  1.36749156e-07-1.96900638e-06j
   7.42635032e-06-1.31213328e-06j -1.46278082e-06-1.20891928e-06j
   2.45345931e-06+9.65988915e-07j -1.44655419e-06+1.36388037e-05j
  -2.85860378e-06-3.33980437e-06j  2.80963163e-05-3.46100559e-05j
   3.16948055e-07-5.59878958e-06j  6.12622263e-02+0.00000000e+00j
  -5.10003489e-07-1.21733015e-06j  4.03531106e-06+3.85862332e-06j
  -3.17176843e-07-8.97573950e-07j -3.14533294e-07+1.62057276e-07j
   1.88850053e-06-1.36835262e-06j -4.70094471e-06+4.38107471e-07j
  -5.85351054e-07-9.58287116e-07j -3.71079883e-06-2.07031401e-06j
  -8.33895388e-07+1.30043944e-06j]
 [ 1.85655257e-07+2.01877575e-07j  1.51371273e-07-2.52025783e-07j
   1.23048470e-07-5.95861223e-08j  1.90343234e-07+9.57502767e-08j
  -1.79135966e-07+7.94151489e-07j  1.81386205e-07-9.52157840e-08j
  -1.98523319e-07+2.03987947e-07j -1.29763008e-06-7.12954120e-07j
   4.51776480e-07-1.45306155e-07j  2.27400826e-06+4.24117336e-06j
   5.44232154e-07+2.65103905e-07j -5.10003489e-07+1.21733015e-06j
   6.12501425e-02+0.00000000e+00j -5.52518447e-07+2.40825190e-07j
   1.02599145e-07+5.86089597e-09j -3.01515694e-09-3.80770697e-08j
   5.74660036e-08+2.45110944e-07j  1.52473024e-07-4.86332851e-07j
   1.19830705e-07-1.83077638e-08j  3.60925698e-07-2.83111624e-07j
  -9.46956288e-08-1.37274433e-07j]
 [-3.78725749e-07-1.09665794e-06j -1.01298311e-06+7.21470108e-07j
  -5.77881351e-07+2.30858109e-08j -5.76285898e-07-6.93033511e-07j
   2.03697448e-06-2.77683602e-06j -8.64330445e-07+6.26482716e-08j
   1.11463724e-06-4.55487105e-07j  3.82698071e-06+4.95805423e-06j
  -1.99753458e-06-2.00132481e-07j -1.64970908e-06-2.02903573e-05j
  -1.66237385e-06-1.94792323e-06j  4.03531106e-06-3.85862332e-06j
  -5.52518447e-07-2.40825190e-07j  6.12525496e-02+0.00000000e+00j
  -3.87960183e-07-1.96145152e-07j -5.26670481e-08+1.52754406e-07j
   1.91450807e-07-1.04764068e-06j -1.41329110e-06+1.62822107e-06j
  -4.95632867e-07-1.31547644e-07j -1.87815126e-06+4.87819471e-07j
   1.35190726e-07+6.92391382e-07j]
 [ 1.41993894e-07+1.37734385e-07j  9.86348346e-08-1.87709493e-07j
   8.61556818e-08-4.79693402e-08j  1.41004148e-07+6.11196663e-08j
  -9.63277795e-08+5.79234330e-07j  1.26698847e-07-7.60258486e-08j
  -1.34564884e-07+1.55057219e-07j -9.63745999e-07-4.60017717e-07j
   3.19345431e-07-1.23218230e-07j  1.81196544e-06+2.96051222e-06j
   4.02804617e-07+1.68513395e-07j -3.17176843e-07+8.97573950e-07j
   1.02599145e-07-5.86089597e-09j -3.87960183e-07+1.96145152e-07j
   6.12500741e-02+0.00000000e+00j -3.73750149e-09-2.72951303e-08j
   5.14636831e-08+1.74139633e-07j  8.97899937e-08-3.56478476e-07j
   8.55365635e-08-1.81125827e-08j  2.48255495e-07-2.18714302e-07j
  -7.38367516e-08-9.49555177e-08j]
 [-5.78797082e-08+4.53433958e-08j  6.41494340e-08+4.57866604e-08j
   1.33201702e-08+3.41451102e-08j -2.96168736e-08+4.88421026e-08j
  -2.08442526e-07-6.46791154e-08j  2.16074931e-08+5.04896016e-08j
  -5.03137072e-08-5.73712550e-08j  2.17994224e-07-3.31698246e-07j
   2.92719189e-08+1.23810195e-07j -1.18155701e-06+5.17966721e-07j
  -8.23648653e-08+1.39833458e-07j -3.14533294e-07-1.62057276e-07j
  -3.01515694e-09+3.80770697e-08j -5.26670481e-08-1.52754406e-07j
  -3.73750149e-09+2.72951303e-08j  6.12500102e-02+0.00000000e+00j
  -6.67208896e-08+1.01704915e-08j  1.26743625e-07+5.10395052e-08j
   2.35680946e-09+3.24116442e-08j  6.80223932e-08+1.02446973e-07j
   3.86899220e-08-2.24019775e-08j]
 [ 4.22174166e-07-2.37963910e-07j -3.72513121e-07-3.62056160e-07j
  -5.28784404e-08-2.35715627e-07j  2.41491905e-07-2.88832796e-07j
   1.29394525e-06+6.28474570e-07j -9.06436924e-08-3.50445697e-07j
   2.70854891e-07+4.23797847e-07j -1.74988008e-06+1.94478664e-06j
  -6.77593849e-08-8.35806672e-07j  8.21335096e-06-2.20144289e-06j
   6.75567700e-07-8.29330463e-07j  1.88850053e-06+1.36835262e-06j
   5.74660036e-08-2.45110944e-07j  1.91450807e-07+1.04764068e-06j
   5.14636831e-08-1.74139633e-07j -6.67208896e-08-1.01704915e-08j
   6.12504448e-02+0.00000000e+00j -7.75152193e-07-4.58454014e-07j
   1.68357854e-08-2.13531339e-07j -3.41471688e-07-7.35094874e-07j
  -2.74349483e-07+1.07540350e-07j]
 [-4.90401473e-07+8.49742765e-07j  1.02223969e-06+2.46980292e-07j
   3.35066997e-07+3.56241768e-07j -1.23135371e-07+7.52173579e-07j
  -2.90241503e-06+2.38398611e-07j  5.19112843e-07+5.17240048e-07j
  -9.08729085e-07-4.59333721e-07j  1.04491642e-06-5.19222149e-06j
   9.79443642e-07+1.38657232e-06j -1.20430941e-05+1.23006215e-05j
  -3.22488048e-07+2.14135113e-06j -4.70094471e-06-4.38107471e-07j
   1.52473024e-07+4.86332851e-07j -1.41329110e-06-1.62822107e-06j
   8.97899937e-08+3.56478476e-07j  1.26743625e-07-5.10395052e-08j
  -7.75152193e-07+4.58454014e-07j  6.12518232e-02+0.00000000e+00j
   1.90726172e-07+3.89431966e-07j  1.35259866e-06+9.28996159e-07j
   3.67227892e-07-4.70131679e-07j]
 [ 1.30202879e-07+1.93642010e-07j  1.59692555e-07-1.92512678e-07j
   1.11144734e-07-3.43031539e-08j  1.47782339e-07+1.04987427e-07j
  -2.52703473e-07+6.44892733e-07j  1.64787103e-07-5.67729720e-08j
  -1.93176594e-07+1.46052346e-07j -9.99744413e-07-7.66358038e-07j
   3.98631566e-07-6.41573422e-08j  1.36756006e-06+3.85917864e-06j
   4.23655039e-07+2.92892585e-07j -5.85351054e-07+9.58287116e-07j
   1.19830705e-07+1.83077638e-08j -4.95632867e-07+1.31547644e-07j
   8.55365635e-08+1.81125827e-08j  2.35680946e-09-3.24116442e-08j
   1.68357854e-08+2.13531339e-07j  1.90726172e-07-3.89431966e-07j
   6.12501031e-02+0.00000000e+00j  3.39929866e-07-1.91730569e-07j
  -6.20035915e-08-1.27620645e-07j]
 [ 6.91597602e-08+8.80293291e-07j  8.84232415e-07-3.37645283e-07j
   4.30102383e-07+9.35591880e-08j  2.91913404e-07+6.20769751e-07j
  -2.03178554e-06+1.65577361e-06j  6.48679124e-07+1.19221994e-07j
  -9.08224001e-07+1.22264625e-07j -1.87045842e-06-4.38446610e-06j
   1.43315528e-06+5.29608234e-07j -2.66688750e-06+1.52621454e-05j
   8.51864037e-07+1.75295974e-06j -3.71079883e-06+2.07031401e-06j
   3.60925698e-07+2.83111624e-07j -1.87815126e-06-4.87819471e-07j
   2.48255495e-07+2.18714302e-07j  6.80223932e-08-1.02446973e-07j
  -3.41471688e-07+7.35094874e-07j  1.35259866e-06-9.28996159e-07j
   3.39929866e-07+1.91730569e-07j  6.12514768e-02+0.00000000e+00j
   3.28881943e-08-5.35902856e-07j]
 [-3.17893396e-07+4.46996594e-08j  1.42213184e-07+3.13343801e-07j
  -2.43718929e-08+1.58155490e-07j -2.18759070e-07+1.19751242e-07j
  -6.46079908e-07-7.00404545e-07j -2.88166428e-08+2.38042301e-07j
  -6.45919109e-08-3.26846052e-07j  1.54934489e-06-7.76375564e-07j
  -1.60264446e-07+5.31845537e-07j -5.59759069e-06-6.27860351e-07j
  -6.17129071e-07+3.48154598e-07j -8.33895388e-07-1.30043944e-06j
  -9.46956288e-08+1.37274433e-07j  1.35190726e-07-6.92391382e-07j
  -7.38367516e-08+9.49555177e-08j  3.86899220e-08+2.24019775e-08j
  -2.74349483e-07-1.07540350e-07j  3.67227892e-07+4.70131679e-07j
  -6.20035915e-08+1.27620645e-07j  3.28881943e-08+5.35902856e-07j
   6.12501952e-02+0.00000000e+00j]]
param names ['amplitude', 'coeff_-3_-1', 'coeff_-3_0', 'coeff_-3_1', 'coeff_-2_-1', 'coeff_-2_0', 'coeff_-2_1', 'coeff_-1_-1', 'coeff_-1_0', 'coeff_-1_1', 'coeff_0_-1', 'coeff_0_0', 'coeff_0_1', 'coeff_1_-1', 'coeff_1_0', 'coeff_1_1', 'coeff_2_-1', 'coeff_2_0', 'coeff_2_1', 'coeff_3_-1', 'coeff_3_0', 'coeff_3_1'] observables names ['abs_amplitude', 'abs_coeff_-3_-1', 'abs_coeff_-3_0', 'abs_coeff_-3_1', 'abs_coeff_-2_-1', 'abs_coeff_-2_0', 'abs_coeff_-2_1', 'abs_coeff_-1_-1', 'abs_coeff_-1_0', 'abs_coeff_-1_1', 'abs_coeff_0_-1', 'abs_coeff_0_0', 'abs_coeff_0_1', 'abs_coeff_1_-1', 'abs_coeff_1_0', 'abs_coeff_1_1', 'abs_coeff_2_-1', 'abs_coeff_2_0', 'abs_coeff_2_1', 'abs_coeff_3_-1', 'abs_coeff_3_0', 'abs_coeff_3_1', 'amplitude_squared'] means_dict {'abs_amplitude': 0.7144163392806231, 'abs_coeff_-3_-1': 0.03144229242791137, 'abs_coeff_-3_0': 0.040091561580943395, 'abs_coeff_-3_1': 0.017469633780113708, 'abs_coeff_-2_-1': 0.04785174203076271, 'abs_coeff_-2_0': 0.054785534749670926, 'abs_coeff_-2_1': 0.02568266534242276, 'abs_coeff_-1_-1': 0.04358094867497692, 'abs_coeff_-1_0': 0.30018307455117405, 'abs_coeff_-1_1': 0.10346941776042677, 'abs_coeff_0_-1': 0.8774563363920171, 'abs_coeff_0_0': 0.2233290293826446, 'abs_coeff_0_1': 0.21025643214439302, 'abs_coeff_1_-1': 0.016172231712710174, 'abs_coeff_1_0': 0.08162726409959448, 'abs_coeff_1_1': 0.0495969502840985, 'abs_coeff_2_-1': 0.04427489572146736, 'abs_coeff_2_0': 0.012438206261105157, 'abs_coeff_2_1': 0.05149705241283089, 'abs_coeff_3_-1': 0.0176448167356264, 'abs_coeff_3_0': 0.07652365107680735, 'abs_coeff_3_1': 0.05625173973549065, 'amplitude_squared': 0.5103907058311263, 'field_energy': -47.064189848792324, 'surface_energy': (112.19268425736996+0j), 'amplitude': -0.7144163392806231, 'real_group_sampling_width': 1.8331266522765586e-13, 'coeff_-3_-1': (0.031050662340308417+0.004947132639261384j), 'coeff_-3_0': (-0.03759750836564202+0.013919794348123639j), 'coeff_-3_1': (0.016535188219134484+0.005636989885487303j), 'coeff_-2_-1': (0.0475510529192307+0.005355985591017202j), 'coeff_-2_0': (0.04791327542481343-0.026566385826328927j), 'coeff_-2_1': (0.015298345598856664+0.020629103737894824j), 'coeff_-1_-1': (-0.03452265678092865+0.026598595004194755j), 'coeff_-1_0': (-0.2689705645288838-0.13328433390316088j), 'coeff_-1_1': (-0.017013530747815437+0.10206106105256235j), 'coeff_0_-1': (0.7765720452058679-0.40849171457849204j), 'coeff_0_0': (0.2132762095743563-0.0662503871278454j), 'coeff_0_1': (0.03540894846374929-0.20725340437923162j), 'coeff_1_-1': (0.015097818044971859-0.005796289231095251j), 'coeff_1_0': (-0.05552818013306791-0.05983002135629328j), 'coeff_1_1': (0.025209287915882034+0.04271240194905343j), 'coeff_2_-1': (-0.024359325380943195+0.03697147086784816j), 'coeff_2_0': (0.011062876861302688+0.00568522036032458j), 'coeff_2_1': (-0.0072148613786447175+0.05098913788736571j), 'coeff_3_-1': (-0.017050253680110202-0.0045418506225689565j), 'coeff_3_0': (0.06456261133190831+0.04107965910435363j), 'coeff_3_1': (-0.05489578111827063+0.012276458719203194j), 'complex_group_sampling_width': 6.780105327845076e-123, 'global_cutoff': 795} cov_matrix [[ 6.12505280e-02+0.00000000e+00j -1.59850657e-07-5.42872784e-07j
   7.59089886e-08-2.51988119e-07j  3.83690009e-07-1.44929286e-07j
   8.91802835e-07+1.28861776e-06j  1.01441581e-07-3.81072531e-07j
   3.03460266e-08+5.47087163e-07j -2.70102454e-06+9.09594068e-07j
   3.82795627e-07-8.29453967e-07j  8.97235854e-06+2.30436159e-06j
   1.08477237e-06-4.25676875e-07j  1.06026879e-06+2.30883347e-06j
   1.85655257e-07-2.01877575e-07j -3.78725749e-07+1.09665794e-06j
   1.41993894e-07-1.37734385e-07j -5.78797082e-08-4.53433958e-08j
   4.22174166e-07+2.37963910e-07j -4.90401473e-07-8.49742765e-07j
   1.30202879e-07-1.93642010e-07j  6.91597602e-08-8.80293291e-07j
  -3.17893396e-07-4.46996594e-08j]
 [-1.59850657e-07+5.42872784e-07j  6.12506066e-02+0.00000000e+00j
   2.36126491e-07+1.54350076e-07j  3.28535056e-08+4.38414897e-07j
  -1.59505259e-06+5.26845684e-07j  3.61128471e-07+2.19687825e-07j
  -5.71737044e-07-1.34440719e-07j -1.17498083e-07-3.05276376e-06j
   7.36995121e-07+6.44752290e-07j -5.08609486e-06+8.52823328e-06j
   1.09265318e-07+1.24431474e-06j -2.69510908e-06+3.91176900e-07j
   1.51371273e-07+2.52025783e-07j -1.01298311e-06-7.21470108e-07j
   9.86348346e-08+1.87709493e-07j  6.41494340e-08-4.57866604e-08j
  -3.72513121e-07+3.62056160e-07j  1.02223969e-06-2.46980292e-07j
   1.59692555e-07+1.92512678e-07j  8.84232415e-07+3.37645283e-07j
   1.42213184e-07-3.13343801e-07j]
 [ 7.59089886e-08+2.51988119e-07j  2.36126491e-07-1.54350076e-07j
   6.12501312e-02+0.00000000e+00j  1.24340872e-07+1.62294927e-07j
  -4.86825781e-07+6.10929693e-07j  1.96468866e-07-6.37322858e-09j
  -2.56758186e-07+9.31442560e-08j -8.22497422e-07-1.15840084e-06j
   4.50931703e-07+6.34469714e-08j  1.90189582e-07+4.61377311e-06j
   3.59141711e-07+4.56551298e-07j -9.49546407e-07+8.38024242e-07j
   1.23048470e-07+5.95861223e-08j -5.77881351e-07-2.30858109e-08j
   8.61556818e-08+4.79693402e-08j  1.33201702e-08-3.41451102e-08j
  -5.28784404e-08+2.35715627e-07j  3.35066997e-07-3.56241768e-07j
   1.11144734e-07+3.43031539e-08j  4.30102383e-07-9.35591880e-08j
  -2.43718929e-08-1.58155490e-07j]
 [ 3.83690009e-07+1.44929286e-07j  3.28535056e-08-4.38414897e-07j
   1.24340872e-07-1.62294927e-07j  6.12503186e-02+0.00000000e+00j
   2.94378019e-07+1.18131653e-06j  1.78332005e-07-2.49098276e-07j
  -1.28128162e-07+4.05927082e-07j -2.21266998e-06-8.04153121e-08j
   5.05892892e-07-4.97725239e-07j  5.88810425e-06+4.13772302e-06j
   9.05214127e-07-1.15781002e-08j  1.36749156e-07+1.96900638e-06j
   1.90343234e-07-9.57502767e-08j -5.76285898e-07+6.93033511e-07j
   1.41004148e-07-6.11196663e-08j -2.96168736e-08-4.88421026e-08j
   2.41491905e-07+2.88832796e-07j -1.23135371e-07-7.52173579e-07j
   1.47782339e-07-1.04987427e-07j  2.91913404e-07-6.20769751e-07j
  -2.18759070e-07-1.19751242e-07j]
 [ 8.91802835e-07-1.28861776e-06j -1.59505259e-06-5.26845684e-07j
  -4.86825781e-07-6.10929693e-07j  2.94378019e-07-1.18131653e-06j
   6.12546517e-02+0.00000000e+00j -7.58764327e-07-8.91295467e-07j
   1.38658302e-06+8.50057735e-07j -2.34237752e-06+8.12908926e-06j
  -1.37791173e-06-2.33541547e-06j  2.07803391e-05-1.80071468e-05j
   7.93383693e-07-3.36674108e-06j  7.42635032e-06+1.31213328e-06j
  -1.79135966e-07-7.94151489e-07j  2.03697448e-06+2.77683602e-06j
  -9.63277795e-08-5.79234330e-07j -2.08442526e-07+6.46791154e-08j
   1.29394525e-06-6.28474570e-07j -2.90241503e-06-2.38398611e-07j
  -2.52703473e-07-6.44892733e-07j -2.03178554e-06-1.65577361e-06j
  -6.46079908e-07+7.00404545e-07j]
 [ 1.01441581e-07+3.81072531e-07j  3.61128471e-07-2.19687825e-07j
   1.96468866e-07+6.37322858e-09j  1.78332005e-07+2.49098276e-07j
  -7.58764327e-07+8.91295467e-07j  6.12502945e-02+0.00000000e+00j
  -3.89053635e-07+1.27021885e-07j -1.17551942e-06-1.77481300e-06j
   6.72246142e-07+1.16926932e-07j  6.06898984e-08+6.91896101e-06j
   5.15681211e-07+7.01192164e-07j -1.46278082e-06+1.20891928e-06j
   1.81386205e-07+9.52157840e-08j -8.64330445e-07-6.26482716e-08j
   1.26698847e-07+7.60258486e-08j  2.16074931e-08-5.04896016e-08j
  -9.06436924e-08+3.50445697e-07j  5.19112843e-07-5.17240048e-07j
   1.64787103e-07+5.67729720e-08j  6.48679124e-07-1.19221994e-07j
  -2.88166428e-08-2.38042301e-07j]
 [ 3.03460266e-08-5.47087163e-07j -5.71737044e-07+1.34440719e-07j
  -2.56758186e-07-9.31442560e-08j -1.28128162e-07-4.05927082e-07j
   1.38658302e-06-8.50057735e-07j -3.89053635e-07-1.27021885e-07j
   6.12505687e-02+0.00000000e+00j  7.87310373e-07+2.85120462e-06j
  -8.37514613e-07-4.44345934e-07j  2.90360269e-06-9.16510669e-06j
  -3.78753985e-07-1.14855697e-06j  2.45345931e-06-9.65988915e-07j
  -1.98523319e-07-2.03987947e-07j  1.11463724e-06+4.55487105e-07j
  -1.34564884e-07-1.55057219e-07j -5.03137072e-08+5.73712550e-08j
   2.70854891e-07-4.23797847e-07j -9.08729085e-07+4.59333721e-07j
  -1.93176594e-07-1.46052346e-07j -9.08224001e-07-1.22264625e-07j
  -6.45919109e-08+3.26846052e-07j]
 [-2.70102454e-06-9.09594068e-07j -1.17498083e-07+3.05276376e-06j
  -8.22497422e-07+1.15840084e-06j -2.21266998e-06+8.04153121e-08j
  -2.34237752e-06-8.12908926e-06j -1.17551942e-06+1.77481300e-06j
   7.87310373e-07-2.85120462e-06j  6.12653857e-02+0.00000000e+00j
  -3.38744374e-06+3.58401492e-06j -4.19328616e-05-2.72474554e-05j
  -6.28313112e-06+3.08856209e-07j -1.44655419e-06-1.36388037e-05j
  -1.29763008e-06+7.12954120e-07j  3.82698071e-06-4.95805423e-06j
  -9.63745999e-07+4.60017717e-07j  2.17994224e-07+3.31698246e-07j
  -1.74988008e-06-1.94478664e-06j  1.04491642e-06+5.19222149e-06j
  -9.99744413e-07+7.66358038e-07j -1.87045842e-06+4.38446610e-06j
   1.54934489e-06+7.76375564e-07j]
 [ 3.82795627e-07+8.29453967e-07j  7.36995121e-07-6.44752290e-07j
   4.50931703e-07-6.34469714e-08j  5.05892892e-07+4.97725239e-07j
  -1.37791173e-06+2.33541547e-06j  6.72246142e-07-1.16926932e-07j
  -8.37514613e-07+4.44345934e-07j -3.38744374e-06-3.58401492e-06j
   6.12515807e-02+0.00000000e+00j  2.88514586e-06+1.57670813e-05j
   1.45529495e-06+1.39562285e-06j -2.85860378e-06+3.33980437e-06j
   4.51776480e-07+1.45306155e-07j -1.99753458e-06+2.00132481e-07j
   3.19345431e-07+1.23218230e-07j  2.92719189e-08-1.23810195e-07j
  -6.77593849e-08+8.35806672e-07j  9.79443642e-07-1.38657232e-06j
   3.98631566e-07+6.41573422e-08j  1.43315528e-06-5.29608234e-07j
  -1.60264446e-07-5.31845537e-07j]
 [ 8.97235854e-06-2.30436159e-06j -5.08609486e-06-8.52823328e-06j
   1.90189582e-07-4.61377311e-06j  5.88810425e-06-4.13772302e-06j
   2.07803391e-05+1.80071468e-05j  6.06898984e-08-6.91896101e-06j
   2.90360269e-06+9.16510669e-06j -4.19328616e-05+2.72474554e-05j
   2.88514586e-06-1.57670813e-05j  6.14125400e-02+0.00000000e+00j
   1.65773738e-05-1.19689603e-05j  2.80963163e-05+3.46100559e-05j
   2.27400826e-06-4.24117336e-06j -1.64970908e-06+2.02903573e-05j
   1.81196544e-06-2.96051222e-06j -1.18155701e-06-5.17966721e-07j
   8.21335096e-06+2.20144289e-06j -1.20430941e-05-1.23006215e-05j
   1.36756006e-06-3.85917864e-06j -2.66688750e-06-1.52621454e-05j
  -5.59759069e-06+6.27860351e-07j]
 [ 1.08477237e-06+4.25676875e-07j  1.09265318e-07-1.24431474e-06j
   3.59141711e-07-4.56551298e-07j  9.05214127e-07+1.15781002e-08j
   7.93383693e-07+3.36674108e-06j  5.15681211e-07-7.01192164e-07j
  -3.78753985e-07+1.14855697e-06j -6.28313112e-06-3.08856209e-07j
   1.45529495e-06-1.39562285e-06j  1.65773738e-05+1.19689603e-05j
   6.12525721e-02+0.00000000e+00j  3.16948055e-07+5.59878958e-06j
   5.44232154e-07-2.65103905e-07j -1.66237385e-06+1.94792323e-06j
   4.02804617e-07-1.68513395e-07j -8.23648653e-08-1.39833458e-07j
   6.75567700e-07+8.29330463e-07j -3.22488048e-07-2.14135113e-06j
   4.23655039e-07-2.92892585e-07j  8.51864037e-07-1.75295974e-06j
  -6.17129071e-07-3.48154598e-07j]
 [ 1.06026879e-06-2.30883347e-06j -2.69510908e-06-3.91176900e-07j
  -9.49546407e-07-8.38024242e-07j  1.36749156e-07-1.96900638e-06j
   7.42635032e-06-1.31213328e-06j -1.46278082e-06-1.20891928e-06j
   2.45345931e-06+9.65988915e-07j -1.44655419e-06+1.36388037e-05j
  -2.85860378e-06-3.33980437e-06j  2.80963163e-05-3.46100559e-05j
   3.16948055e-07-5.59878958e-06j  6.12622263e-02+0.00000000e+00j
  -5.10003489e-07-1.21733015e-06j  4.03531106e-06+3.85862332e-06j
  -3.17176843e-07-8.97573950e-07j -3.14533294e-07+1.62057276e-07j
   1.88850053e-06-1.36835262e-06j -4.70094471e-06+4.38107471e-07j
  -5.85351054e-07-9.58287116e-07j -3.71079883e-06-2.07031401e-06j
  -8.33895388e-07+1.30043944e-06j]
 [ 1.85655257e-07+2.01877575e-07j  1.51371273e-07-2.52025783e-07j
   1.23048470e-07-5.95861223e-08j  1.90343234e-07+9.57502767e-08j
  -1.79135966e-07+7.94151489e-07j  1.81386205e-07-9.52157840e-08j
  -1.98523319e-07+2.03987947e-07j -1.29763008e-06-7.12954120e-07j
   4.51776480e-07-1.45306155e-07j  2.27400826e-06+4.24117336e-06j
   5.44232154e-07+2.65103905e-07j -5.10003489e-07+1.21733015e-06j
   6.12501425e-02+0.00000000e+00j -5.52518447e-07+2.40825190e-07j
   1.02599145e-07+5.86089597e-09j -3.01515694e-09-3.80770697e-08j
   5.74660036e-08+2.45110944e-07j  1.52473024e-07-4.86332851e-07j
   1.19830705e-07-1.83077638e-08j  3.60925698e-07-2.83111624e-07j
  -9.46956288e-08-1.37274433e-07j]
 [-3.78725749e-07-1.09665794e-06j -1.01298311e-06+7.21470108e-07j
  -5.77881351e-07+2.30858109e-08j -5.76285898e-07-6.93033511e-07j
   2.03697448e-06-2.77683602e-06j -8.64330445e-07+6.26482716e-08j
   1.11463724e-06-4.55487105e-07j  3.82698071e-06+4.95805423e-06j
  -1.99753458e-06-2.00132481e-07j -1.64970908e-06-2.02903573e-05j
  -1.66237385e-06-1.94792323e-06j  4.03531106e-06-3.85862332e-06j
  -5.52518447e-07-2.40825190e-07j  6.12525496e-02+0.00000000e+00j
  -3.87960183e-07-1.96145152e-07j -5.26670481e-08+1.52754406e-07j
   1.91450807e-07-1.04764068e-06j -1.41329110e-06+1.62822107e-06j
  -4.95632867e-07-1.31547644e-07j -1.87815126e-06+4.87819471e-07j
   1.35190726e-07+6.92391382e-07j]
 [ 1.41993894e-07+1.37734385e-07j  9.86348346e-08-1.87709493e-07j
   8.61556818e-08-4.79693402e-08j  1.41004148e-07+6.11196663e-08j
  -9.63277795e-08+5.79234330e-07j  1.26698847e-07-7.60258486e-08j
  -1.34564884e-07+1.55057219e-07j -9.63745999e-07-4.60017717e-07j
